sel1 <- c("Sg_9_63","Sg_8_54",
          "Sg_1_7","Sg_3_21",
          "Sg_3_19","Sg_2_12",
          "Sg_5_30","Sg_14_93",
          "Sg_18_124","Sg_21_146",
          "Sg_24_263","Sg_24_264",
          "Sg_24_266","Sg_24_265",
          "Sg_24_294","Sg_24_293",
          "Sg_24_236","Sg_24_235",
          "Sg_24_237","Sg_24_238")
sel2 <- c("Sg_10_69","Sg_22_153",
          "Sg_21_143","Sg_15_101",
          "Sg_3_16","Sg_4_24",
          "Sg_18_126","Sg_11_74",
          "Sg_16_109","Sg_13_88",
          "Sg_6_42","Sg_7_49",
          "Sg_24_182","Sg_24_181",
          "Sg_24_186","Sg_24_185",
          "Sg_24_190","Sg_24_189")
sel3 <- c("Sg_19_131","Sg_13_89",
          "Sg_24_234","Sg_24_233",
          "Sg_21_145","Sg_12_81",
          "Sg_16_107","Sg_15_105",
          "Sg_10_65","Sg_5_32",
          "Sg_20_140","Sg_17_119",
          "Sg_5_35","Sg_17_116",
          "Sg_24_183", "Sg_24_184")

sel4 <- c("Sg_20_136","Sg_23_156",
          "Sg_24_230","Sg_24_229",
          "Sg_24_231","Sg_24_232")
sel5 <- c("Sg_3_15","Sg_1_1",
          "Sg_10_70","Sg_14_95",
          "Sg_24_246","Sg_24_245",
          "Sg_24_247","Sg_24_248",
          "Sg_24_251","Sg_24_252",
          "Sg_24_254","Sg_24_253",
          "Sg_24_277","Sg_24_278",
          "Sg_24_260","Sg_24_259")
sel6 <- c("Sg_12_80","Sg_9_59",
          "Sg_18_121","Sg_12_79",
          "Sg_3_20","Sg_4_27",
          "Sg_8_52","Sg_14_94",
          "Sg_24_162","Sg_24_161",
          "Sg_24_165","Sg_24_166",
          "Sg_24_167","Sg_24_168",
          "Sg_24_175","Sg_24_176")



sel7 <- c("Sg_19_127", "Sg_6_36", 
          "Sg_24_261","Sg_24_262",
          "Sg_24_288","Sg_24_287",
          "Sg_20_135","Sg_23_155",
          "Sg_24_310","Sg_24_309",
          "Sg_4_26","Sg_3_18",
          "Sg_8_53","Sg_12_84",
          "Sg_24_204","Sg_24_203")
sel8 <- c("Sg_11_77","Sg_8_56",
          "Sg_24_276","Sg_24_275",
          "Sg_1_2","Sg_2_10",
          "Sg_14_98","Sg_23_160",
          "Sg_14_96","Sg_20_137",
          "Sg_24_197","Sg_24_198",
          "Sg_24_187","Sg_24_188",
          "Sg_24_195","Sg_24_196",
          "Sg_24_199","Sg_24_200",
          "Sg_6_41","Sg_7_48",
          "Sg_24_164","Sg_24_163",
          "Sg_24_217","Sg_24_218")
sel9 <- c("Sg_16_108","Sg_11_75",
          "Sg_21_141","Sg_11_72",
          "Sg_11_76","Sg_23_157",
          "Sg_24_273","Sg_24_274")
sel10 <- c("Sg_15_100","Sg_9_58",
          "Sg_10_67","Sg_19_129",
          "Sg_10_64","Sg_18_120",
          "Sg_1_5","Sg_2_11",
          "Sg_24_202","Sg_24_201",
          "Sg_24_205","Sg_24_206",
          "Sg_24_308","Sg_24_307",
          "Sg_24_211","Sg_24_212",
          "Sg_24_213","Sg_24_214",
          "Sg_24_215","Sg_24_216",
          "Sg_24_219","Sg_24_220")
sel11 <- c("Sg_16_110","Sg_7_47",
           "Sg_21_142","Sg_5_31", 
           "Sg_7_44","Sg_6_39",
           "Sg_13_86","Sg_9_61",
           "Sg_24_271","Sg_24_272", 
           "Sg_8_50","Sg_5_29",
           "Sg_21_147","Sg_12_82",
           "Sg_23_158","Sg_20_138",
           "Sg_5_33","Sg_10_66",
           "Sg_24_304","Sg_24_303")
sel12 <- c("Sg_1_6","Sg_2_14",
           "Sg_3_17","Sg_1_3",
           "Sg_19_132","Sg_13_90",
           "Sg_15_99","Sg_20_134",
           "Sg_24_227","Sg_24_228",
           "Sg_24_242","Sg_24_241",
           "Sg_24_243","Sg_24_244",
           "Sg_24_173","Sg_24_174",
           "Sg_24_179","Sg_24_180",
           "Sg_19_128","Sg_22_149")
sel13 <- c("Sg_7_43","Sg_13_85",
           "Sg_24_292","Sg_24_291")
sel14 <- c("Sg_20_139","Sg_17_118", 
          "Sg_22_151","Sg_19_130",
          "Sg_17_114","Sg_8_51",
          "Sg_24_301","Sg_24_302",
          "Sg_24_305","Sg_24_306",
          "Sg_24_316","Sg_24_315",
          "Sg_24_320","Sg_24_319",
          "Sg_24_314","Sg_24_313")
sel15 <- c("Sg_16_106","Sg_17_113",
           "Sg_18_125","Sg_15_104",
           "Sg_24_296","Sg_24_295",
           "Sg_24_317","Sg_24_318")




for(i in 1 : 15){
tmp <- get(paste0("sel", i))
print(length(tmp))
}




