sel1 <- c("Sg_10_69","Sg_22_153","Sg_8_52","Sg_14_94",
          "Sg_18_124","Sg_21_146","Sg_24_205","Sg_24_206",
          "Sg_3_15","Sg_1_1","Sg_8_50","Sg_5_29",
          "Sg_16_108","Sg_11_75","Sg_18_125","Sg_15_104")
sel2 <- c("Sg_21_143","Sg_15_101","Sg_16_107","Sg_15_105",
          "Sg_8_53","Sg_12_84","Sg_21_147",
          "Sg_12_82","Sg_10_70","Sg_14_95",
          "Sg_7_43","Sg_13_85","Sg_16_110",
          "Sg_7_47","Sg_16_106","Sg_17_113")
sel3 <- c("Sg_21_143","Sg_15_101","Sg_20_140",
          "Sg_17_119","Sg_5_35","Sg_17_116")

sel4 <- c("Sg_19_131","Sg_13_89","Sg_24_234","Sg_24_233",
          "Sg_16_107","Sg_15_105","Sg_12_80","Sg_9_59",
          "Sg_24_162","Sg_24_161","Sg_24_175","Sg_24_176")
sel5 <- c("Sg_10_69","Sg_22_153","Sg_24_182","Sg_24_181",
          "Sg_18_126","Sg_11_74","Sg_24_186","Sg_24_185",
          "Sg_24_190","Sg_24_189","Sg_24_183","Sg_24_184",
          "Sg_24_165","Sg_24_166","Sg_18_121","Sg_12_79",
          "Sg_8_52","Sg_14_94")
sel6 <- c("Sg_9_63","Sg_8_54","Sg_1_7","Sg_3_21",
          "Sg_22_152","Sg_10_68","Sg_5_30","Sg_14_93",
          "Sg_24_263","Sg_24_264","Sg_24_266","Sg_24_265",
          "Sg_24_294","Sg_24_293","Sg_24_269","Sg_24_270",
          "Sg_4_26","Sg_3_18","Sg_7_46","Sg_22_150","Sg_8_53",
          "Sg_12_84","Sg_24_310","Sg_24_309")
sel7 <- c("Sg_18_124","Sg_21_146","Sg_24_236","Sg_24_235","Sg_3_15","Sg_1_1","Sg_19_127","Sg_6_36","Sg_24_261","Sg_24_262","Sg_24_288","Sg_24_287","Sg_24_298","Sg_24_297","Sg_24_254","Sg_24_253","Sg_24_277","Sg_24_278","Sg_24_260","Sg_24_259","Sg_16_108","Sg_11_75","Sg_21_141","Sg_11_72","Sg_20_135","Sg_23_155","Sg_24_271","Sg_24_272","Sg_18_125","Sg_15_104","Sg_24_296","Sg_24_295")
sel8 <- c("Sg_10_70","Sg_14_95","Sg_24_246","Sg_24_245","Sg_24_251","Sg_24_252","Sg_21_142","Sg_5_31","Sg_21_147","Sg_12_82","Sg_16_110","Sg_7_47","Sg_16_106","Sg_17_113","Sg_7_43","Sg_13_85")
sel9 <- c("Sg_24_217","Sg_24_218","Sg_24_164","Sg_24_163","Sg_11_77","Sg_8_56","Sg_24_276","Sg_24_275","Sg_8_55","Sg_17_117","Sg_19_128","Sg_22_149","Sg_24_179","Sg_24_180","Sg_6_41","Sg_7_48","Sg_24_290","Sg_24_289")
sel10 <- c("Sg_15_100","Sg_9_58","Sg_10_67","Sg_19_129","Sg_10_64","Sg_18_120","Sg_24_202","Sg_24_201","Sg_24_205","Sg_24_206","Sg_24_211","Sg_24_212","Sg_24_219","Sg_24_220","Sg_8_50","Sg_5_29","Sg_16_111","Sg_5_34","Sg_23_158","Sg_20_138","Sg_24_304","Sg_24_303","Sg_24_305","Sg_24_306","Sg_24_316","Sg_24_315","Sg_24_320","Sg_24_319","Sg_13_87","Sg_9_62","Sg_24_301","Sg_24_302","Sg_24_314","Sg_24_313","Sg_24_317","Sg_24_318")
sel11 <- c("Sg_1_6","Sg_2_14","Sg_3_17","Sg_1_3","Sg_19_132","Sg_13_90","Sg_20_136","Sg_23_156","Sg_24_227","Sg_24_228","Sg_24_242","Sg_24_241","Sg_24_231","Sg_24_232","Sg_1_2","Sg_2_10","Sg_4_25","Sg_1_4","Sg_14_98","Sg_23_160","Sg_14_96","Sg_20_137","Sg_24_197","Sg_24_198","Sg_24_187","Sg_24_188","Sg_24_195","Sg_24_196","Sg_24_199","Sg_24_200")


rename <- data.frame(sel = paste0("sel", 1 :11), 
                     name = c("Fig1_left", "Fig1_right", 
                              paste0("sFig5", c("a", "b_up", "b_down", "e", "c",
                                                "f", "h", "d", "g"))))
